10,282
10,82
10,116
10,158
10,128
10,294
10,96
10,146
11,28
11,12
11,8
8,15
8,5
8,6
8,16
43,4
43,3
43,2
43,1
43,0
39,3
39,2
39,1
39,0
38,4
38,3
38,2
38,1
38,0
37,4
37,3
37,2
37,1
37,0
36,5
36,4
36,3
36,2
36,1
36,0
35,3
35,2
35,1
35,0
20,3
20,2
20,1
19,3
19,2
19,1
12,3
12,2
12,1
11,29
11,26
11,23
11,22
11,20
11,19
11,16
11,14
11,13
11,10
11,9
11,7
11,4
11,3
11,2
11,1
10,304
10,296
10,292
10,286
10,268
18,1
10,251
18,3
10,209
10,191
10,171
10,131
10,74
10,71
10,29
14,1
10,19
14,3
10,12
10,3
13,1
10,2
13,3
10,1
9,7
9,6
9,5
9,4
9,3
9,2
9,1
8,18
8,17
8,13
